epoch:       38 | nupdates:        30362 | lr: 0.379525 | lrcriterion: 0.379525 | runtime: 00:08:19 | bch(ms): 625.47 | smp(ms): 1.05 | fwd(ms): 205.96 | crit-fwd(ms): 10.33 | bwd(ms): 250.24 | optim(ms): 167.09 | loss:   18.79393 | train-LER: 60.40 | train-WER: 67.33 | valid-dev-loss:   27.93616 | valid-dev-LER: 67.73 | valid-dev-WER: 81.14 | avg-isz: 756 | avg-tsz: 025 | max-tsz: 113 | hrs:    3.36 | thrpt(sec/sec): 24.19
epoch:       39 | nupdates:        31161 | lr: 0.389513 | lrcriterion: 0.389513 | runtime: 00:08:34 | bch(ms): 643.38 | smp(ms): 1.09 | fwd(ms): 210.52 | crit-fwd(ms): 10.46 | bwd(ms): 260.46 | optim(ms): 170.02 | loss:   17.93909 | train-LER: 55.74 | train-WER: 64.73 | valid-dev-loss:   28.13779 | valid-dev-LER: 63.99 | valid-dev-WER: 80.73 | avg-isz: 756 | avg-tsz: 025 | max-tsz: 112 | hrs:    3.36 | thrpt(sec/sec): 23.52
