epoch:       45 | nupdates:        35955 | lr: 0.400000 | lrcriterion: 0.400000 | runtime: 00:06:40 | bch(ms): 501.11 | smp(ms): 1.10 | fwd(ms): 178.74 | crit-fwd(ms): 8.00 | bwd(ms): 203.59 | optim(ms): 116.64 | loss:   27.13426 | train-LER: 75.56 | train-WER: 83.17 | valid-dev-loss:   26.96392 | valid-dev-LER: 68.33 | valid-dev-WER: 82.10 | avg-isz: 756 | avg-tsz: 025 | max-tsz: 114 | hrs:    3.36 | thrpt(sec/sec): 30.20
epoch:       46 | nupdates:        36754 | lr: 0.400000 | lrcriterion: 0.400000 | runtime: 00:06:39 | bch(ms): 499.39 | smp(ms): 0.93 | fwd(ms): 176.83 | crit-fwd(ms): 8.20 | bwd(ms): 203.85 | optim(ms): 116.74 | loss:   26.59711 | train-LER: 71.66 | train-WER: 82.36 | valid-dev-loss:   27.09551 | valid-dev-LER: 69.37 | valid-dev-WER: 81.81 | avg-isz: 756 | avg-tsz: 025 | max-tsz: 114 | hrs:    3.36 | thrpt(sec/sec): 30.30
epoch:       47 | nupdates:        37553 | lr: 0.400000 | lrcriterion: 0.400000 | runtime: 00:06:38 | bch(ms): 498.51 | smp(ms): 0.90 | fwd(ms): 176.20 | crit-fwd(ms): 8.15 | bwd(ms): 203.45 | optim(ms): 116.93 | loss:   26.22115 | train-LER: 75.71 | train-WER: 86.37 | valid-dev-loss:   27.18990 | valid-dev-LER: 72.53 | valid-dev-WER: 83.08 | avg-isz: 756 | avg-tsz: 025 | max-tsz: 115 | hrs:    3.36 | thrpt(sec/sec): 30.36
epoch:       48 | nupdates:        38352 | lr: 0.400000 | lrcriterion: 0.400000 | runtime: 00:06:39 | bch(ms): 499.59 | smp(ms): 0.93 | fwd(ms): 176.72 | crit-fwd(ms): 8.01 | bwd(ms): 203.96 | optim(ms): 116.94 | loss:   25.99754 | train-LER: 72.75 | train-WER: 83.57 | valid-dev-loss:   27.33314 | valid-dev-LER: 70.90 | valid-dev-WER: 82.99 | avg-isz: 756 | avg-tsz: 025 | max-tsz: 113 | hrs:    3.36 | thrpt(sec/sec): 30.29
